
SPRITESHEET = rsrc/spritesheets/ff6Items

[ANIMATION]
NAME          = LILA_IDLE
FRAMES        = (2, 375, 32, 32), (36, 371, 36, 36), (74, 375, 36, 32), (112, 359, 33, 23), (147, 381, 27, 25), (176, 381, 25, 23), (203, 381, 22, 21), (227, 360, 32, 46), (261, 364, 36, 39), (299, 356, 32, 49), (333, 356, 23, 45), (358, 359, 23, 41), (383, 359, 23, 42), (408, 361, 14, 40), (427, 374, 25, 27)
HURT_BOUNDS   = NONE
ATTACK_BOUNDS = NONE
FRAME_DELAYS  = 130@all
FRAME_OFFSETS = (0, 0), (-5, 0), (0, 0), (0, 0), (0, 0), (0, 0), (0, 0), (0, 0), (0, 0), (0, 0), (0, 0), (0, 0), (0, 0), (0, 0), (0, 0)
IS_MIRRORED   = false
IS_LOOPED     = true

[ANIMATION]
NAME          = BLUE_BUBBLES_IDLE
FRAMES        = (2, 333, 10, 10), (14, 332, 16, 12), (32, 330, 22, 16), (56, 330, 24, 16), (82, 330, 26, 16), (110, 329, 28, 18), (140, 328, 32, 20), (174, 328, 34, 20), (210, 326, 36, 22), (248, 325, 42, 24), (292, 324, 46, 26), (340, 323, 50, 28), (392, 323, 52, 28), (446, 323, 52, 28), (500, 322, 56, 30), (558, 321, 60, 32), (620, 320, 64, 34), (392, 323, 52, 28), (340, 323, 50, 28), (292, 324, 46, 26), (248, 325, 42, 24), (210, 326, 36, 22), (174, 328, 34, 20), (140, 328, 32, 20), (110, 329, 28, 18), (82, 330, 26, 16), (56, 330, 24, 16), (32, 330, 22, 16), (14, 332, 16, 12), (2, 333, 10, 10)
HURT_BOUNDS   = NONE
ATTACK_BOUNDS = NONE
FRAME_DELAYS  = 80@all
FRAME_OFFSETS = (0, 0), (-1, 0), (-2, 0), (-3, 0), (-4, 0), (-5, 0), (-6, 0), (-7, 0), (-8, 0), (-9, 0), (-10, 0), (-11, 0), (-12, 0), (-13, 0), (-14, 0), (-15, 0), (-16, 0), (-17, 0), (-18, 0), (-19, 0), (-20, 0), (-21, 0), (-22, 0), (-23, 0), (-24, 0), (-25, 0), (-26, 0), (-27, 0), (-28, 0), (-29, 0)
IS_MIRRORED   = false
IS_LOOPED     = true